Date,Return,Cumulative_Return,Label,t_stat,Best_window
2004-01-01,0.0316,0.0316,1,11.41429686385127,4
2004-02-01,0.0102,0.041800000000000004,1,10.50243733383009,6
2004-03-01,0.0139,0.0557,1,11.412892560604925,4
2004-04-01,0.0068,0.0625,1,6.63425940131745,4
2004-05-01,0.0034,0.0659,1,9.468544414709863,3
2004-06-01,0.0067,0.0726,1,11.476427372110113,6
2004-07-01,0.0097,0.0823,1,34.92323138283231,5
2004-08-01,0.0589,0.1412,1,22.46734284053516,4
2004-09-01,0.0755,0.2167,1,10.92942013686232,4
2004-10-01,0.0547,0.2714,1,6.623650918056893,5
2004-11-01,0.0763,0.3477,1,5.725684272404268,4
2004-12-01,0.036,0.3837,1,2.6375354024130377,3
2005-01-01,0.0109,0.3946,0,0.8274729033675922,6
2005-02-01,0.0526,0.4472,-1,-213.61959960016284,3
2005-03-01,-0.0373,0.4099,1,4.76374169695659,6
2005-04-01,-0.0367,0.3732,1,14.529981774605577,3
2005-05-01,0.0507,0.4239,1,9.232201588142217,5
2005-06-01,0.0399,0.4638,1,5.553020868553558,4
2005-07-01,0.088,0.5518,1,3.7547861390951542,6
2005-08-01,0.0135,0.5652999999999999,1,4.014493849826619,6
2005-09-01,0.0823,0.6476,1,4.1347144021050966,6
2005-10-01,-0.034,0.6135999999999999,1,9.05430099177179,6
2005-11-01,0.0183,0.6318999999999999,1,237.02449128192066,3
2005-12-01,0.0896,0.7214999999999999,1,5.58548529637172,5
2006-01-01,0.0883,0.8098,1,3.8317660853482867,4
2006-02-01,0.0025,0.8122999999999999,1,2.8022610626520867,3
2006-03-01,0.0644,0.8766999999999999,-1,-3.284935534323915,5
2006-04-01,0.0152,0.8918999999999999,-1,-3.309261314253218,3
2006-05-01,-0.07,0.8218999999999999,1,3.1685569086596503,6
2006-06-01,-0.0219,0.7999999999999998,1,7.75360418058009,6
2006-07-01,0.0028,0.8027999999999998,1,12.48959832870564,6
2006-08-01,0.0467,0.8494999999999998,1,13.786383664785603,6
2006-09-01,0.0168,0.8662999999999998,1,12.263125012680579,5
2006-10-01,0.0804,0.9466999999999999,1,12.12722592310581,6
2006-11-01,0.0251,0.9717999999999999,1,11.612003236715747,6
2006-12-01,0.0687,1.0405,1,8.434800028594642,4
2007-01-01,0.0434,1.0839,1,5.306815871743843,4
2007-02-01,0.016,1.0999,1,8.18925776561075,3
2007-03-01,0.0425,1.1424,0,1.1792212061826721,3
2007-04-01,0.0653,1.2077,-1,-7.698003589195013,3
2007-05-01,-0.0124,1.1953,1,2.0280625015142646,6
2007-06-01,-0.0196,1.1757,1,3.9928837604719614,4
2007-07-01,0.0023,1.178,1,2.7086515453379607,4
2007-08-01,0.018,1.196,1,1.8734427102275608,3
2007-09-01,0.0028,1.1987999999999999,-1,-2.0773999420160263,5
2007-10-01,0.0714,1.2701999999999998,-1,-5.618571039886261,4
2007-11-01,-0.066,1.2041999999999997,-1,-2.877406948527719,3
2007-12-01,-0.0286,1.1755999999999998,0,-0.44193083159464486,4
2008-01-01,-0.1151,1.0604999999999998,0,1.0935616151020708,4
2008-02-01,0.089,1.1494999999999997,-1,-2.594187902133582,6
2008-03-01,-0.0424,1.1070999999999998,-1,-1.6412063674850765,5
2008-04-01,0.0301,1.1371999999999998,-1,-2.8708518548861086,3
2008-05-01,-0.0191,1.1180999999999999,-1,-2.0308769214663163,6
2008-06-01,-0.0772,1.0409,1,15.453492270127516,3
2008-07-01,0.0305,1.0714,-1,-3.090358419222879,5
2008-08-01,0.0382,1.1096,-1,-8.922838999924794,3
2008-09-01,-0.0712,1.0384,-1,-2.2502392708281347,6
2008-10-01,-0.1055,0.9329,1,2.844871015540591,3
2008-11-01,0.0124,0.9452999999999999,-1,-1.6359257696133547,4
2008-12-01,0.051,0.9963,-1,-5.272870175682424,3
2009-01-01,-0.06,0.9362999999999999,1,2.925849896908866,6
2009-02-01,-0.1187,0.8175999999999999,1,11.534276645616425,4
2009-03-01,0.1089,0.9264999999999999,1,12.251953809311232,6
2009-04-01,0.0547,0.9811999999999999,1,8.993497054176476,6
2009-05-01,0.0879,1.0691,1,7.629670162678532,6
2009-06-01,0.0045,1.0735999999999999,1,9.135718965412307,3
2009-07-01,0.096,1.1696,1,4.913707417938683,6
2009-08-01,0.0654,1.2349999999999999,1,3.7843855767060663,5
2009-09-01,0.0099,1.2449,1,2.9236114549660073,6
2009-10-01,0.0396,1.2845,1,2.7134800778848565,6
2009-11-01,-0.0157,1.2688,1,4.431063618501317,6
2009-12-01,0.0411,1.3098999999999998,1,3.0068938698578855,5
2010-01-01,-0.0195,1.2903999999999998,1,4.434443292613874,4
2010-02-01,0.0212,1.3115999999999999,1,2.089818679296219,3
2010-03-01,0.0673,1.3788999999999998,-1,-3.3059125601847885,4
2010-04-01,0.0063,1.3851999999999998,-1,-20.784609690826482,3
2010-05-01,-0.0403,1.3448999999999998,1,4.00983972546962,6
2010-06-01,-0.0341,1.3107999999999997,1,4.104462106231404,6
2010-07-01,0.091,1.4017999999999997,1,4.285874246873994,6
2010-08-01,-0.0229,1.3788999999999998,1,3.7111160871721345,5
2010-09-01,0.0776,1.4564999999999997,1,2.104420793058431,4
2010-10-01,0.0141,1.4705999999999997,0,1.4648684544801358,6
2010-11-01,-0.006,1.4645999999999997,1,1.8602701549331877,6
2010-12-01,0.0579,1.5224999999999997,1,1.5262364563795054,6
2011-01-01,-0.0372,1.4852999999999998,1,6.443542354525538,5
2011-02-01,0.0068,1.4920999999999998,1,11.521903198175579,3
2011-03-01,0.0195,1.5115999999999998,1,1.7452222965998194,3
2011-04-01,0.0264,1.5379999999999998,-1,-6.998089970023897,5
2011-05-01,0.0001,1.5380999999999998,-1,-18.4394598025959,4
2011-06-01,-0.0111,1.5269999999999997,-1,-9.16968074595288,3
2011-07-01,-0.0073,1.5196999999999996,-1,-3.1099648329210696,3
2011-08-01,-0.0107,1.5089999999999997,1,4.168012676933746,6
2011-09-01,-0.0376,1.4713999999999996,1,8.208186078121615,6
2011-10-01,0.07,1.5413999999999997,1,6.799119514695565,6
2011-11-01,0.0219,1.5632999999999997,1,6.309211347776266,6
2011-12-01,0.0049,1.5681999999999996,1,4.519976431763829,3
2012-01-01,0.0601,1.6282999999999996,1,3.925377844430722,4
2012-02-01,0.0268,1.6550999999999996,1,1.8195897206810232,6
2012-03-01,-0.0012,1.6538999999999995,1,2.7671307125051166,6
2012-04-01,0.0254,1.6792999999999996,1,3.561147057905275,6
2012-05-01,-0.0291,1.6501999999999997,1,30.83619139823896,5
2012-06-01,0.0205,1.6706999999999996,1,31.236640426156,3
2012-07-01,0.0247,1.6953999999999996,1,14.898105213033665,6
2012-08-01,0.0276,1.7229999999999996,1,15.249354548421454,6
2012-09-01,0.0191,1.7420999999999995,1,11.05507822000253,5
2012-10-01,0.0359,1.7779999999999996,1,6.303940330185377,4
2012-11-01,0.0111,1.7890999999999997,1,4.649945529033458,3
2012-12-01,0.0444,1.8334999999999997,0,1.04438689068687,6
2013-01-01,0.0203,1.8537999999999997,-1,-2.5618587129832395,4
2013-02-01,-0.0066,1.8471999999999997,-1,-1.608882750141757,3
2013-03-01,0.0008,1.8479999999999996,0,1.0142130519319532,6
2013-04-01,-0.0217,1.8262999999999996,1,2.2132157825569934,6
2013-05-01,0.0591,1.8853999999999995,1,2.690408184894406,6
2013-06-01,-0.0559,1.8294999999999995,1,15.299782133525087,3
2013-07-01,0.0295,1.8589999999999995,1,9.928318642682004,4
2013-08-01,0.0235,1.8824999999999996,1,11.559289432073161,3
2013-09-01,0.0541,1.9365999999999997,1,2.87303782350574,6
2013-10-01,0.04,1.9765999999999997,1,2.9839635295732503,6
2013-11-01,-0.0204,1.9561999999999997,1,6.276739829865645,6
2013-12-01,0.0278,1.9839999999999998,1,6.5651683962960075,6
2014-01-01,-0.0119,1.9720999999999997,1,102.80230969629395,3
2014-02-01,0.0513,2.0233999999999996,1,10.173766527349594,6
2014-03-01,0.0496,2.0729999999999995,1,19.493886516176875,6
2014-04-01,0.0136,2.0865999999999993,1,16.780540794354305,5
2014-05-01,0.0167,2.1032999999999995,1,9.738844723166302,4
2014-06-01,0.0293,2.1325999999999996,1,54.00849336328441,3
2014-07-01,0.0177,2.1502999999999997,0,-0.5414900040225685,3
2014-08-01,0.0166,2.1668999999999996,0,0.921774179581447,6
2014-09-01,-0.0317,2.1351999999999998,1,3.7229170634437962,6
2014-10-01,0.0173,2.1525,1,4.170740771298024,6
2014-11-01,0.0016,2.1540999999999997,1,5.783874290466945,6
2014-12-01,-0.0054,2.1487,1,59.5195641146397,3
2015-01-01,0.0367,2.1854,1,3.2095507374785424,4
2015-02-01,0.0389,2.2243,0,1.4943183437849132,3
2015-03-01,-0.0049,2.2194,-1,-2.594794173964613,6
2015-04-01,0.0665,2.2859,-1,-8.824925124651012,6
2015-05-01,-0.0726,2.2133,-1,-7.502566619939917,5
2015-06-01,-0.0037,2.2096,-1,-23.269726066903576,3
2015-07-01,-0.0332,2.1764,-1,-10.57788171765281,3
2015-08-01,-0.0286,2.1478,-1,-2.4102845585476556,6
2015-09-01,-0.0398,2.108,-1,-1.8554868708235763,6
2015-10-01,0.064,2.172,-1,-27.760925443534514,3
2015-11-01,-0.0613,2.1107,1,2.133789770549527,6
2015-12-01,-0.0541,2.0566,1,4.61462019372752,6
2016-01-01,-0.0016,2.055,1,5.135980646919991,4
2016-02-01,0.0217,2.0767,1,3.2458904897747454,3
2016-03-01,0.1095,2.1862000000000004,0,1.4045597505664797,5
2016-04-01,0.0333,2.2195000000000005,-1,-2.3524869177428034,3
2016-05-01,-0.0158,2.2037000000000004,1,2.5655945144788252,6
2016-06-01,-0.0024,2.2013000000000003,1,1.865934114641044,5
2016-07-01,0.0264,2.2277000000000005,1,1.9821467152115892,6
2016-08-01,-0.0204,2.2073000000000005,1,4.1065785274203614,6
2016-09-01,0.0298,2.2371000000000003,-1,-5.452752542346459,3
2016-10-01,-0.0029,2.2342000000000004,1,3.152815707059377,4
2016-11-01,-0.0056,2.2286000000000006,1,4.779703048209195,3
2016-12-01,0.0344,2.263000000000001,1,1.8545956764367777,6
2017-01-01,0.0161,2.2791000000000006,0,1.2639624483048675,5
2017-02-01,-0.0229,2.2562000000000006,1,13.313524864148832,3
2017-03-01,0.0224,2.278600000000001,0,1.1988570902090214,6
2017-04-01,0.0291,2.307700000000001,-1,-5.502371350011626,3
2017-05-01,-0.0197,2.288000000000001,1,2.9403728546328307,6
2017-06-01,-0.0378,2.2502000000000013,1,5.811724486720658,3
2017-07-01,0.0625,2.3127000000000013,1,3.5376436929611454,6
2017-08-01,0.0338,2.346500000000001,1,2.9454956148473417,6
2017-09-01,-0.0246,2.321900000000001,1,11.402667816495118,3
2017-10-01,0.0455,2.3674000000000013,0,1.2072103378895098,4
2017-11-01,0.0335,2.4009000000000014,-1,-1.8323695722034052,5
2017-12-01,-0.0162,2.3847000000000014,0,-1.2292588347839097,4
2018-01-01,0.014,2.398700000000001,-1,-2.5504308007891234,3
2018-02-01,-0.0073,2.3914000000000013,0,-1.064731404508045,5
2018-03-01,-0.0382,2.3532000000000015,0,-0.6682033661699812,6
2018-04-01,0.0457,2.3989000000000016,-1,-2.3456916651075654,3
2018-05-01,-0.0412,2.3577000000000017,-1,-2.2251045588191185,6
2018-06-01,-0.0062,2.3515000000000015,-1,-3.6930963551960456,6
2018-07-01,0.0132,2.3647000000000014,-1,-9.353074360871938,3
2018-08-01,-0.0112,2.3535000000000013,-1,-6.584949522275028,4
2018-09-01,-0.0077,2.3458000000000014,-1,-6.16406316811277,3
2018-10-01,-0.031,2.3148000000000013,1,4.963858060541589,6
2018-11-01,-0.0174,2.2974000000000014,1,19.59241887522719,3
2018-12-01,0.0397,2.3371000000000013,1,5.11476212141788,5
2019-01-01,0.0474,2.3845000000000014,1,3.651350351091147,3
2019-02-01,0.0041,2.3886000000000016,1,2.829493468011967,3
2019-03-01,0.0115,2.4001000000000015,-1,-1.7168405757043792,6
2019-04-01,0.0478,2.4479000000000015,-1,-4.524616321679835,6
2019-05-01,-0.0333,2.4146000000000014,-1,-3.0214818122611624,5
2019-06-01,0.0187,2.4333000000000014,-1,-808.8677271346705,3
2019-07-01,-0.0468,2.386500000000001,0,-1.0040023325229765,3
2019-08-01,-0.0466,2.339900000000001,1,4.937637376800831,3
2019-09-01,0.0124,2.352300000000001,1,2.2804081526278344,4
2019-10-01,0.0258,2.3781000000000008,-1,-2.93747139657036,6
2019-11-01,-0.0053,2.3728000000000007,-1,-3.1416735233576363,5
2019-12-01,0.0121,2.384900000000001,-1,-4.087200717068238,3
2020-01-01,-0.0429,2.342000000000001,-1,-4.2014171236724565,3
2020-02-01,-0.106,2.236000000000001,0,0.7065420729961424,6
2020-03-01,-0.2547,1.9813000000000012,1,3.619172697996139,5
2020-04-01,0.1599,2.1412000000000013,1,3.188377269182675,4
2020-05-01,-0.0028,2.138400000000001,1,2.394748507856099,3
2020-06-01,0.0685,2.206900000000001,-1,-2.5884301294729135,5
2020-07-01,0.011,2.217900000000001,-1,-2.7248758055579225,4
2020-08-01,-0.0346,2.183300000000001,1,3.3999064745126772,6
2020-09-01,0.0095,2.192800000000001,1,5.2200109911288495,6
2020-10-01,-0.0616,2.131200000000001,1,6.444117255054639,6
2020-11-01,0.1645,2.295700000000001,1,22.417550594730997,5
2020-12-01,0.049,2.344700000000001,1,12.904156905208932,4
2021-01-01,0.039,2.383700000000001,1,8.653717643092673,5
2021-02-01,0.0612,2.444900000000001,1,13.03948266946906,4
2021-03-01,0.0339,2.478800000000001,1,5.854969294297249,3
2021-04-01,0.0194,2.498200000000001,1,4.190463782179927,6
2021-05-01,0.0357,2.533900000000001,1,4.155503106458869,6
2021-06-01,-0.0133,2.520600000000001,1,6.124036783904245,3
2021-07-01,0.0213,2.541900000000001,1,5.262423111533582,6
2021-08-01,0.0381,2.580000000000001,1,5.005630551083517,6
2021-09-01,-0.0117,2.568300000000001,1,8.499751700097507,6
2021-10-01,0.0469,2.615200000000001,1,9.352965645493356,6
2021-11-01,-0.0053,2.609900000000001,1,124.80388318982418,4
2021-12-01,0.0534,2.663300000000001,1,74.18950959086693,3
2022-01-01,0.0502,2.7135000000000007,1,5.249242102632115,3
2022-02-01,0.0526,2.7661000000000007,-1,-2.515944846872995,6
2022-03-01,0.0265,2.7926000000000006,-1,-3.703252303711894,6
2022-04-01,-0.0326,2.7600000000000007,-1,-3.11999771689318,6
2022-05-01,0.0109,2.7709000000000006,-1,-2.016255668838732,5
2022-06-01,-0.1108,2.660100000000001,1,2.3007452283543706,6
2022-07-01,0.0303,2.690400000000001,-1,-6.405319967613208,3
2022-08-01,-0.0249,2.6655000000000006,1,4.242501979362634,6
2022-09-01,-0.0143,2.6512000000000007,1,29.58625563132959,3
2022-10-01,0.0788,2.730000000000001,1,1.5372418757537973,4
2022-11-01,0.0886,2.818600000000001,-1,-1.7856381317572765,6
2022-12-01,-0.041,2.777600000000001,-1,-2.3352863574924063,6
2023-01-01,0.052,2.829600000000001,-1,-18.642826434155342,3
2023-02-01,-0.0454,2.784200000000001,-1,-1.6593697390037625,4
2023-03-01,-0.0547,2.729500000000001,0,-0.6001540500193776,3
2023-04-01,0.0364,2.765900000000001,0,-0.6825181620903382,3
2023-05-01,-0.075,2.690900000000001,1,8.660254037844384,3
2023-06-01,0.0326,2.723500000000001,0,-1.1051549902654842,5
2023-07-01,0.0489,2.772400000000001,-1,-3.384554642485634,4
2023-08-01,-0.0343,2.738100000000001,-1,-1.5503466619355941,3
2023-09-01,0.0031,2.741200000000001,0,1.099935160214118,4
2023-10-01,-0.056,2.685200000000001,1,11.171727708819258,3
2023-11-01,0.0596,2.744800000000001,0,-0.0631576537566554,3
2023-12-01,0.0436,2.788400000000001,0,0.0,0
2024-01-01,-0.0469,2.741500000000001,0,0.0,0
2024-02-01,-0.0505,2.691000000000001,0,0.0,0
