Date,Return,Cumulative_Return,Label,t_stat,Best_window
2004-01-01,,,0,0.0,0
2004-02-01,,,0,0.0,0
2004-03-01,,,0,0.0,0
2004-04-01,,,0,0.0,0
2004-05-01,,,0,0.0,0
2004-06-01,,,0,0.0,0
2004-07-01,,,0,0.0,0
2004-08-01,,,0,0.0,0
2004-09-01,,,0,0.0,0
2004-10-01,,,0,0.0,0
2004-11-01,,,0,0.0,0
2004-12-01,,,0,0.0,0
2005-01-01,,,0,0.0,0
2005-02-01,,,0,0.0,0
2005-03-01,,,0,0.0,0
2005-04-01,,,0,0.0,0
2005-05-01,,,0,0.0,0
2005-06-01,,,0,0.0,0
2005-07-01,,,0,0.0,0
2005-08-01,,,0,0.0,0
2005-09-01,,,0,0.0,0
2005-10-01,,,0,0.0,0
2005-11-01,,,0,0.0,0
2005-12-01,,,0,0.0,0
2006-01-01,,,0,0.0,0
2006-02-01,,,0,0.0,0
2006-03-01,,,0,0.0,0
2006-04-01,,,0,0.0,0
2006-05-01,,,0,0.0,0
2006-06-01,,,0,0.0,0
2006-07-01,,,0,0.0,0
2006-08-01,,,0,0.0,0
2006-09-01,,,0,0.0,0
2006-10-01,,,0,0.0,0
2006-11-01,,,0,0.0,0
2006-12-01,,,0,0.0,0
2007-01-01,,,0,0.0,0
2007-02-01,0.026,0.026,1,32.365576855159624,3
2007-03-01,0.0502,0.0762,1,1.934110082529755,6
2007-04-01,0.0451,0.1213,-1,-2.40737231983449,4
2007-05-01,0.0016,0.12290000000000001,1,2.763421685077498,6
2007-06-01,-0.0063,0.11660000000000001,1,3.286394148991958,4
2007-07-01,-0.0014,0.11520000000000001,1,9.684847473307666,3
2007-08-01,0.0163,0.1315,1,3.315253498862304,3
2007-09-01,0.0234,0.1549,-1,-1.6796988874047438,5
2007-10-01,0.0746,0.2295,-1,-7.948891002144368,4
2007-11-01,-0.0518,0.17770000000000002,-1,-4.003121575999437,3
2007-12-01,-0.0316,0.1461,1,1.7960509685166302,6
2008-01-01,-0.0798,0.06630000000000001,1,2.637168681009465,5
2008-02-01,0.1079,0.17420000000000002,0,1.152031929983821,4
2008-03-01,-0.0429,0.13130000000000003,1,5.276401880972371,3
2008-04-01,0.0524,0.18370000000000003,-1,-4.067815422736355,6
2008-05-01,0.0265,0.21020000000000003,-1,-4.974443985771109,6
2008-06-01,-0.073,0.13720000000000004,-1,-4.582919412317003,6
2008-07-01,-0.0195,0.11770000000000004,-1,-3.988608807896234,5
2008-08-01,0.0086,0.12630000000000005,-1,-10.7517870884936,3
2008-09-01,-0.0828,0.04350000000000005,-1,-2.0101867711716244,6
2008-10-01,-0.1146,-0.07109999999999994,1,5.992497621588882,3
2008-11-01,0.0214,-0.04969999999999994,0,-1.4971292390515825,4
2008-12-01,0.0388,-0.010899999999999938,-1,-4.199897634894459,3
2009-01-01,-0.0379,-0.04879999999999994,1,3.0996413424661347,6
2009-02-01,-0.0911,-0.13989999999999994,1,9.103836707533315,6
2009-03-01,0.0977,-0.042199999999999946,1,9.318939841568051,6
2009-04-01,0.0354,-0.006799999999999945,1,6.39946526002282,6
2009-05-01,0.0762,0.06940000000000006,1,6.134275766548113,6
2009-06-01,-0.0006,0.06880000000000006,1,4.7991261036401465,6
2009-07-01,0.0918,0.16060000000000008,1,8.550449639096605,6
2009-08-01,0.0163,0.17690000000000008,1,6.774805571573148,5
2009-09-01,0.0092,0.1861000000000001,1,4.985467759489493,4
2009-10-01,0.0413,0.2274000000000001,1,3.8511320123070494,6
2009-11-01,0.0041,0.2315000000000001,1,4.292110066490323,6
2009-12-01,0.0437,0.2752000000000001,1,2.650508238053359,5
2010-01-01,-0.0181,0.2571000000000001,1,4.460365005330535,4
2010-02-01,0.0139,0.27100000000000013,1,2.1838901486738016,3
2010-03-01,0.0494,0.32040000000000013,-1,-3.3758560078993938,4
2010-04-01,0.0057,0.3261000000000001,-1,-8.099167156519249,3
2010-05-01,-0.0403,0.2858000000000001,1,4.9253599662044465,6
2010-06-01,-0.0261,0.2597000000000001,1,4.8855550569928505,5
2010-07-01,0.0925,0.35220000000000007,1,4.904762933681019,6
2010-08-01,-0.0146,0.33760000000000007,1,3.821576894416438,5
2010-09-01,0.0841,0.4217000000000001,1,2.2628718779461114,4
2010-10-01,0.0178,0.43950000000000006,1,2.061952024746495,6
2010-11-01,-0.0061,0.43340000000000006,1,2.685232583089401,6
2010-12-01,0.0605,0.49390000000000006,1,2.220163884413882,6
2011-01-01,-0.0424,0.45150000000000007,1,11.526143041432967,4
2011-02-01,0.0179,0.46940000000000004,1,16.95310335893173,3
2011-03-01,0.0356,0.505,0,1.012729160709671,3
2011-04-01,0.029,0.534,-1,-7.601687430664707,4
2011-05-01,-0.0076,0.5264,-1,-11.547005383792506,3
2011-06-01,-0.0046,0.5217999999999999,1,2.717773066595537,6
2011-07-01,-0.0034,0.5184,1,3.817850029279464,6
2011-08-01,0.0127,0.5311,1,4.472587901070783,6
2011-09-01,-0.0215,0.5096,1,5.0860540850001295,6
2011-10-01,0.0773,0.5869000000000001,1,8.560380668482463,6
2011-11-01,0.0305,0.6174000000000001,1,8.039297475110676,6
2011-12-01,-0.0051,0.6123000000000001,1,123.84163274117412,3
2012-01-01,0.0282,0.6405000000000001,1,8.701517929627725,4
2012-02-01,0.029,0.6695000000000001,1,3.869807209703438,3
2012-03-01,0.0137,0.6832000000000001,1,3.9788748219392263,6
2012-04-01,0.0359,0.7191000000000002,1,4.399661667475918,6
2012-05-01,-0.0351,0.6840000000000002,1,26.55460051775903,4
2012-06-01,0.0437,0.7277000000000001,1,11.859920415185378,3
2012-07-01,0.0514,0.7791000000000001,1,9.996912057878033,6
2012-08-01,0.0383,0.8174000000000001,1,7.55388754078437,6
2012-09-01,0.0018,0.8192000000000002,1,26.610598770830958,3
2012-10-01,0.036,0.8552000000000002,1,10.088204321946975,3
2012-11-01,0.0316,0.8868000000000001,1,2.1718005261864706,6
2012-12-01,0.0447,0.9315000000000001,-1,-4.649189009790144,3
2013-01-01,-0.0048,0.9267000000000001,1,3.415638139492768,6
2013-02-01,-0.0105,0.9162000000000001,1,3.642274218496597,6
2013-03-01,0.0186,0.9348000000000001,1,2.4013398850729644,6
2013-04-01,0.0055,0.9403,1,2.57187831457063,6
2013-05-01,0.0493,0.9896,1,2.758274602785701,6
2013-06-01,-0.0156,0.9740000000000001,1,12.47076581449593,3
2013-07-01,0.0041,0.9781000000000001,1,4.695489765251877,6
2013-08-01,0.0031,0.9812000000000001,1,10.648525379077293,3
2013-09-01,0.0604,1.0416,1,1.6041765711637637,4
2013-10-01,0.0435,1.0851000000000002,0,-1.0799085044754648,4
2013-11-01,-0.0215,1.0636,1,1.8084233250313544,6
2013-12-01,0.0308,1.0944,1,2.649062273731217,6
2014-01-01,-0.0643,1.0301,1,10.002715504776635,6
2014-02-01,0.0368,1.0669,1,7.316495491951257,6
2014-03-01,0.0595,1.1263999999999998,1,13.440714266734473,3
2014-04-01,0.0169,1.1432999999999998,1,13.968151673942566,3
2014-05-01,0.0219,1.1651999999999998,1,5.43278994290464,6
2014-06-01,0.0281,1.1932999999999998,1,5.195044294510343,6
2014-07-01,0.0067,1.1999999999999997,1,5.178018200900854,6
2014-08-01,0.0138,1.2137999999999998,1,4.460554283523255,6
2014-09-01,-0.0051,1.2086999999999997,1,6.388557036911207,6
2014-10-01,0.0333,1.2419999999999998,1,5.335819329147318,6
2014-11-01,0.0001,1.2420999999999998,1,7.551766897617783,6
2014-12-01,0.0071,1.2491999999999999,1,5.167226249783772,5
2015-01-01,0.0465,1.2956999999999999,1,3.1481594552998207,4
2015-02-01,0.0169,1.3125999999999998,1,1.7576476175329494,3
2015-03-01,0.0003,1.3128999999999997,0,0.6923886450168647,5
2015-04-01,0.0409,1.3537999999999997,-1,-1.700543549052311,6
2015-05-01,-0.0422,1.3115999999999997,1,4.057947606304228,3
2015-06-01,0.0234,1.3349999999999997,-1,-2.0479701890618665,4
2015-07-01,0.0094,1.3443999999999998,-1,-1.7405830775569016,3
2015-08-01,-0.0407,1.3036999999999999,1,2.1385101165595595,4
2015-09-01,-0.0001,1.3035999999999999,0,1.1547005383792515,3
2015-10-01,0.073,1.3765999999999998,-1,-21.167299902274735,4
2015-11-01,-0.0146,1.3619999999999999,-1,-169.74097914174953,3
2015-12-01,-0.0198,1.3421999999999998,1,3.387476676076603,6
2016-01-01,-0.0194,1.3227999999999998,1,3.9763673132875956,5
2016-02-01,0.0005,1.3232999999999997,1,2.6888834858348245,6
2016-03-01,0.0868,1.4100999999999997,1,2.4602180624514354,5
2016-04-01,-0.0019,1.4081999999999997,1,1.7230595270776217,4
2016-05-01,0.0224,1.4305999999999996,-1,-3.576129562526633,6
2016-06-01,-0.0116,1.4189999999999996,-1,-4.9641285099656525,6
2016-07-01,0.0197,1.4386999999999996,-1,-26.036397464566072,4
2016-08-01,-0.0303,1.4083999999999997,-1,-17.970027128527107,3
2016-09-01,-0.0225,1.3858999999999997,-1,-6.928203230275512,3
2016-10-01,-0.0273,1.3585999999999996,0,0.4864542062755281,6
2016-11-01,-0.0455,1.3130999999999995,1,5.654215446195923,3
2016-12-01,0.0258,1.3388999999999995,1,3.8392354512255293,6
2017-01-01,0.0137,1.3525999999999996,1,3.1137487879133046,5
2017-02-01,-0.0101,1.3424999999999996,1,4.991264541913233,4
2017-03-01,0.0102,1.3526999999999996,1,2.615282014077509,3
2017-04-01,0.0379,1.3905999999999996,0,1.2239488030624406,5
2017-05-01,0.0077,1.3982999999999997,1,1.6706537750614312,6
2017-06-01,-0.0342,1.3640999999999996,1,7.976859841660751,3
2017-07-01,0.0412,1.4052999999999995,1,3.1984926801068534,6
2017-08-01,0.0265,1.4317999999999995,1,3.474674234617035,6
2017-09-01,-0.0342,1.3975999999999995,1,12.496839697620613,3
2017-10-01,0.0382,1.4357999999999995,1,5.886097972609587,3
2017-11-01,0.0289,1.4646999999999994,0,1.0613253460855065,4
2017-12-01,0.053,1.5176999999999994,-1,-2.7467730770448915,4
2018-01-01,-0.0166,1.5010999999999994,-1,-2.478182087822639,6
2018-02-01,0.0045,1.5055999999999994,-1,-2.2349551060731385,5
2018-03-01,-0.0288,1.4767999999999994,0,-1.468503405422066,4
2018-04-01,0.0357,1.5124999999999995,-1,-2.071769539514036,3
2018-05-01,-0.0739,1.4385999999999994,1,2.4506037138996,4
2018-06-01,-0.0066,1.4319999999999995,1,4.6136928590994,3
2018-07-01,0.0207,1.4526999999999994,-1,-4.218892122191055,5
2018-08-01,0.0094,1.4620999999999995,-1,-12.390825007992737,3
2018-09-01,-0.0424,1.4196999999999995,-1,-1.843796020960417,3
2018-10-01,-0.032,1.3876999999999995,1,2.220393616341292,4
2018-11-01,-0.001,1.3866999999999996,1,1.6483931201272861,6
2018-12-01,0.0101,1.3967999999999996,-1,-6.1217283233517,4
2019-01-01,-0.0009,1.3958999999999997,-1,-31.17691453623979,3
2019-02-01,-0.0038,1.3920999999999997,1,1.5033528368607536,3
2019-03-01,-0.0034,1.3886999999999996,-1,-2.167368087585061,6
2019-04-01,0.0481,1.4367999999999996,-1,-4.707920834563255,5
2019-05-01,-0.0421,1.3946999999999996,-1,-2.73622403801001,4
2019-06-01,0.012,1.4066999999999996,-1,-47.99456915166665,3
2019-07-01,-0.0414,1.3652999999999995,0,1.3452501617497277,6
2019-08-01,-0.0445,1.3207999999999995,1,12.66104745251053,3
2019-09-01,0.0295,1.3502999999999996,1,1.8123024910091412,4
2019-10-01,0.0224,1.3726999999999996,-1,-3.358424836685453,6
2019-11-01,-0.0099,1.3627999999999996,-1,-3.598767398881116,5
2019-12-01,0.0165,1.3792999999999995,-1,-6.323811472219433,4
2020-01-01,-0.0321,1.3471999999999995,-1,-12.425581880385408,3
2020-02-01,-0.0781,1.2690999999999995,0,0.4786453177123691,6
2020-03-01,-0.1034,1.1656999999999995,1,2.9719862580784953,5
2020-04-01,0.0634,1.2290999999999994,1,2.184752564456389,4
2020-05-01,-0.0029,1.2261999999999995,0,1.4569236034785138,3
2020-06-01,0.0255,1.2516999999999996,-1,-2.233433936075659,3
2020-07-01,-0.0022,1.2494999999999996,1,3.118445060872219,6
2020-08-01,-0.0174,1.2320999999999995,1,5.126715698526882,6
2020-09-01,0.0352,1.2672999999999994,1,4.707164284694504,6
2020-10-01,-0.026,1.2412999999999994,1,4.734143711007799,6
2020-11-01,0.1157,1.3569999999999993,1,8.3382830922947,6
2020-12-01,0.0463,1.4032999999999993,1,11.769063179634676,3
2021-01-01,0.0113,1.4145999999999994,1,7.058521446105794,5
2021-02-01,0.0152,1.4297999999999995,1,4.6239178926455695,4
2021-03-01,0.0422,1.4719999999999995,1,4.576459990560459,6
2021-04-01,0.0026,1.4745999999999995,1,3.3180030992069045,5
2021-05-01,0.0479,1.5224999999999995,1,1.9189913493257174,6
2021-06-01,-0.0127,1.5097999999999996,1,3.123698566251385,3
2021-07-01,0.0139,1.5236999999999996,1,1.6580113640323781,6
2021-08-01,0.0485,1.5721999999999996,1,1.9916464366262803,6
2021-09-01,-0.0279,1.5442999999999996,1,5.442602944538949,6
2021-10-01,0.0072,1.5514999999999997,1,8.271560345401136,6
2021-11-01,-0.0065,1.5449999999999997,1,7.331672332786206,5
2021-12-01,0.0654,1.6103999999999996,1,42.531469830302186,3
2022-01-01,0.0212,1.6315999999999997,1,10.118823138955015,3
2022-02-01,0.023,1.6545999999999996,-1,-2.1472727346346656,6
2022-03-01,0.0325,1.6870999999999996,-1,-3.07636424226201,6
2022-04-01,-0.0334,1.6536999999999995,-1,-3.0030431265936173,6
2022-05-01,0.0078,1.6614999999999995,-1,-2.091091364070456,5
2022-06-01,-0.0642,1.5972999999999995,1,1.7211085486983677,6
2022-07-01,0.0216,1.6188999999999996,-1,-2.268289447683081,3
2022-08-01,-0.005,1.6138999999999997,1,3.111819183920738,6
2022-09-01,-0.0373,1.5765999999999996,1,9.529902978883152,3
2022-10-01,0.0538,1.6303999999999996,0,1.4417588456534722,4
2022-11-01,0.0777,1.7080999999999997,0,-1.0494389959102428,6
2022-12-01,-0.0388,1.6692999999999998,-1,-1.6975773720813399,6
2023-01-01,0.0466,1.7158999999999998,-1,-10.120610601088732,3
2023-02-01,-0.0247,1.6911999999999998,-1,-1.7566550031005,4
2023-03-01,-0.0349,1.6562999999999999,0,-0.8355441783924397,3
2023-04-01,0.025,1.6812999999999998,0,0.7064742947563731,4
2023-05-01,-0.0716,1.6096999999999997,1,17.202795884883113,3
2023-06-01,0.0563,1.6659999999999997,-1,-1.9672433668393075,5
2023-07-01,0.046,1.7119999999999997,-1,-7.784052455746109,4
2023-08-01,-0.0466,1.6653999999999998,-1,-23.407429485145094,3
2023-09-01,-0.0219,1.6434999999999997,1,2.3019698005297897,4
2023-10-01,-0.0254,1.6180999999999996,1,2.556190015353284,3
2023-11-01,0.0947,1.7127999999999997,0,-0.3732868119760521,3
2023-12-01,0.0182,1.7309999999999997,0,0.0,0
2024-01-01,-0.0282,1.7027999999999996,0,0.0,0
2024-02-01,-0.0141,1.6886999999999996,0,0.0,0
